<!DOCTYPE html>
<html><head data-gwd-animation-mode="quickMode">
  <meta charset="utf-8">
  <title>..:: HVAuto Site ::..</title>
  <meta name="generator" content="Google Web Designer 1.4.2.0915">
  <style type="text/css">html,
body {
    width: 100%;
    height: 100%;
    margin: 0px;
}
body {
    -webkit-transform: matrix3d(1, 0, 0, 0, 0, 1, 0, 0, 0, 0, 1, 0, 0, 0, 0, 1);
    -moz-transform: matrix3d(1, 0, 0, 0, 0, 1, 0, 0, 0, 0, 1, 0, 0, 0, 0, 1);
    transform: matrix3d(1, 0, 0, 0, 0, 1, 0, 0, 0, 0, 1, 0, 0, 0, 0, 1);
    transform: matrix3d(1, 0, 0, 0, 0, 1, 0, 0, 0, 0, 1, 0, 0, 0, 0, 1);
    -webkit-perspective: 1400px;
    -moz-perspective: 1400px;
    perspective: 1400px;
    perspective: 1400px;
    -webkit-transform-style: preserve-3d;
    -moz-transform-style: preserve-3d;
    transform-style: preserve-3d;
    transform-style: preserve-3d;
    background-color: black;
}
#page {
    max-width: 100%;
    min-height: 100%;
    margin: auto;
    padding: 35px 60px;
}
#post {
    max-width: 700px;
    margin-bottom: 20px;
    margin-top: -10px;
}
.code {
    max-width: 650px;
    padding: 20px;
    margin: 10px 0px;
    display: inline-block;
}
.gwd-div-xs37 {
    transform: translate3d(0px, -11px, 0px);
    transform-style: preserve-3d;
    -webkit-transform-style: preserve-3d;
    -moz-transform-style: preserve-3d;
    transform-style: preserve-3d;
    -webkit-transform: translate3d(0px, -11px, 0px);
    -moz-transform: translate3d(0px, -11px, 0px);
    transform: translate3d(0px, -11px, 0px);
}
@-webkit-keyframes gwd-gen-muxdgwdanimation_gwd-keyframes {
    0% {
        -webkit-transform: translate3d(0px, -11px, 0px);
        -webkit-animation-timing-function: linear;
    }
    100% {
        -webkit-transform: matrix3d(0.9939136689, 0.0255158517, 0.1071660427, 0, 0.0078804794, 0.9538453535, -0.3001948362, 0, -0.1098795585, 0.2992122704, 0.9478388572, 0, 0, -11, 0, 1);
        -webkit-animation-timing-function: linear;
    }
}
@-moz-keyframes gwd-gen-muxdgwdanimation_gwd-keyframes {
    0% {
        -moz-transform: translate3d(0px, -11px, 0px);
        -moz-animation-timing-function: linear;
    }
    100% {
        -moz-transform: matrix3d(0.9939136689, 0.0255158517, 0.1071660427, 0, 0.0078804794, 0.9538453535, -0.3001948362, 0, -0.1098795585, 0.2992122704, 0.9478388572, 0, 0, -11, 0, 1);
        -moz-animation-timing-function: linear;
    }
}
@keyframes gwd-gen-muxdgwdanimation_gwd-keyframes {
    0% {
        transform: translate3d(0px, -11px, 0px);
        animation-timing-function: linear;
    }
    100% {
        transform: matrix3d(0.9939136689, 0.0255158517, 0.1071660427, 0, 0.0078804794, 0.9538453535, -0.3001948362, 0, -0.1098795585, 0.2992122704, 0.9478388572, 0, 0, -11, 0, 1);
        animation-timing-function: linear;
    }
}
body .gwd-gen-muxdgwdanimation {
    -webkit-animation: gwd-gen-muxdgwdanimation_gwd-keyframes 0.5s linear 0s 1 normal forwards;
    -moz-animation: gwd-gen-muxdgwdanimation_gwd-keyframes 0.5s linear 0s 1 normal forwards;
    animation: gwd-gen-muxdgwdanimation_gwd-keyframes 0.5s linear 0s 1 normal forwards;
}
.gwd-div-1pkk {
    position: absolute;
    left: 1013px;
    top: 218px;
    font-family: 'Times New Roman';
    text-align: left;
    color: rgb(0, 0, 0);
}
.gwd-span-1lag {
    color: rgb(255, 255, 255);
}
.gwd-div-1xna {
    position: absolute;
    width: 206px;
    height: 165.404336564px;
    font-family: 'Times New Roman';
    text-align: left;
    color: rgb(0, 0, 0);
    left: 66.6666666666666px;
    top: 216.888888888889px;
}
body .gwd-gen-g31vgwdanimation {
    -webkit-animation: gwd-gen-g31vgwdanimation_gwd-keyframes 0.5s linear 0s 1 normal forwards;
    -moz-animation: gwd-gen-g31vgwdanimation_gwd-keyframes 0.5s linear 0s 1 normal forwards;
    animation: gwd-gen-g31vgwdanimation_gwd-keyframes 0.5s linear 0s 1 normal forwards;
}
.gwd-header-7fbe {
    position: absolute;
    width: 237.4865950758px;
    height: 121.21775581px;
    left: 111px;
    top: 179px;
    -webkit-transform-style: preserve-3d;
    -moz-transform-style: preserve-3d;
    transform-style: preserve-3d;
    -webkit-transform: matrix3d(1, 0, 0, 0, 0, 1, 0, 0, 0, 0, 1, 0, 0, 0, -71.4487053151, 1);
    -moz-transform: matrix3d(1, 0, 0, 0, 0, 1, 0, 0, 0, 0, 1, 0, 0, 0, -71.4487053151, 1);
    transform: matrix3d(1, 0, 0, 0, 0, 1, 0, 0, 0, 0, 1, 0, 0, 0, -71.4487053151, 1);
    font-family: 'Times New Roman';
    text-align: left;
    color: rgb(245, 243, 243);
}
.gwd-header-1i7t {
    position: absolute;
    left: 1130px;
    top: 98px;
    font-family: 'Times New Roman';
    text-align: left;
    color: rgb(245, 243, 243);
}
@-webkit-keyframes gwd-gen-muxdgwdanimation_gwd-keyframes_label-1 {
    0% {
        -webkit-transform: translate3d(0px, -11px, 0px);
        -webkit-animation-timing-function: linear;
    }
    100% {
        -webkit-transform: matrix3d(0.9939136689, 0.0255158517, 0.1071660427, 0, 0.0078804794, 0.9538453535, -0.3001948362, 0, -0.1098795585, 0.2992122704, 0.9478388572, 0, 0, -11, 0, 1);
        -webkit-animation-timing-function: linear;
    }
}
@-moz-keyframes gwd-gen-muxdgwdanimation_gwd-keyframes_label-1 {
    0% {
        -moz-transform: translate3d(0px, -11px, 0px);
        -moz-animation-timing-function: linear;
    }
    100% {
        -moz-transform: matrix3d(0.9939136689, 0.0255158517, 0.1071660427, 0, 0.0078804794, 0.9538453535, -0.3001948362, 0, -0.1098795585, 0.2992122704, 0.9478388572, 0, 0, -11, 0, 1);
        -moz-animation-timing-function: linear;
    }
}
@keyframes gwd-gen-muxdgwdanimation_gwd-keyframes_label-1 {
    0% {
        transform: translate3d(0px, -11px, 0px);
        animation-timing-function: linear;
    }
    100% {
        transform: matrix3d(0.9939136689, 0.0255158517, 0.1071660427, 0, 0.0078804794, 0.9538453535, -0.3001948362, 0, -0.1098795585, 0.2992122704, 0.9478388572, 0, 0, -11, 0, 1);
        animation-timing-function: linear;
    }
}
body.label-1 .gwd-gen-muxdgwdanimation {
    -webkit-animation: gwd-gen-muxdgwdanimation_gwd-keyframes_label-1 0.5s linear 0s 1 normal forwards;
    -moz-animation: gwd-gen-muxdgwdanimation_gwd-keyframes_label-1 0.5s linear 0s 1 normal forwards;
    animation: gwd-gen-muxdgwdanimation_gwd-keyframes_label-1 0.5s linear 0s 1 normal forwards;
}
body.label-1 .gwd-gen-g31vgwdanimation {
    -webkit-animation: gwd-gen-g31vgwdanimation_gwd-keyframes_label-1 0.5s linear 0s 1 normal forwards;
    -moz-animation: gwd-gen-g31vgwdanimation_gwd-keyframes_label-1 0.5s linear 0s 1 normal forwards;
    animation: gwd-gen-g31vgwdanimation_gwd-keyframes_label-1 0.5s linear 0s 1 normal forwards;
}
@-webkit-keyframes gwd-gen-g31vgwdanimation_gwd-keyframes {
    0% {
        color: rgb(0, 0, 0);
        left: 66.6666666666666px;
        top: 216.888888888889px;
        -webkit-animation-timing-function: linear;
    }
    100% {
        color: rgb(245, 243, 243);
        left: 87px;
        top: 192.608406001868px;
        -webkit-animation-timing-function: linear;
    }
}
@-moz-keyframes gwd-gen-g31vgwdanimation_gwd-keyframes {
    0% {
        color: rgb(0, 0, 0);
        left: 66.6666666666666px;
        top: 216.888888888889px;
        -moz-animation-timing-function: linear;
    }
    100% {
        color: rgb(245, 243, 243);
        left: 87px;
        top: 192.608406001868px;
        -moz-animation-timing-function: linear;
    }
}
@keyframes gwd-gen-g31vgwdanimation_gwd-keyframes {
    0% {
        color: rgb(0, 0, 0);
        left: 66.6666666666666px;
        top: 216.888888888889px;
        animation-timing-function: linear;
    }
    100% {
        color: rgb(245, 243, 243);
        left: 87px;
        top: 192.608406001868px;
        animation-timing-function: linear;
    }
}
@-webkit-keyframes gwd-gen-g31vgwdanimation_gwd-keyframes_label-1 {
    0% {
        color: rgb(0, 0, 0);
        left: 66.6666666666666px;
        top: 216.888888888889px;
        -webkit-animation-timing-function: linear;
    }
    100% {
        color: rgb(245, 243, 243);
        left: 87px;
        top: 192.608406001868px;
        -webkit-animation-timing-function: linear;
    }
}
@-moz-keyframes gwd-gen-g31vgwdanimation_gwd-keyframes_label-1 {
    0% {
        color: rgb(0, 0, 0);
        left: 66.6666666666666px;
        top: 216.888888888889px;
        -moz-animation-timing-function: linear;
    }
    100% {
        color: rgb(245, 243, 243);
        left: 87px;
        top: 192.608406001868px;
        -moz-animation-timing-function: linear;
    }
}
@keyframes gwd-gen-g31vgwdanimation_gwd-keyframes_label-1 {
    0% {
        color: rgb(0, 0, 0);
        left: 66.6666666666666px;
        top: 216.888888888889px;
        animation-timing-function: linear;
    }
    100% {
        color: rgb(245, 243, 243);
        left: 87px;
        top: 192.608406001868px;
        animation-timing-function: linear;
    }
}</style>
</head>

<body>
  <div id="header" class="gwd-div-xs37 gwd-gen-muxdgwdanimation"><pre class=""> <span style="color:#FFFFFF;" class="gwd-span-1lag">
	<!------------------------------------------------------->
	   )                                          )   
 	( /(              (                *   )   ( /(   
	 )\())  (   (      )\         (   ` )  /(   )\())  
	((_)\   )\  )\  ((((_)(       )\   ( )(_)) ((_)\   
	 _((_) ((_)((_)  )\ _ )\   _ ((_) (_(_())    ((_)  
	| || | \ \ / /   (_)_\(_) | | | | |_   _|   / _ \  
	| __ |  \ V /     / _ \   | |_| |   | |    | (_) | 
	|_||_|   \_/     /_/ \_\   \___/    |_|     \___/  
	
	----------------------------------------------------------</span></pre>
  </div>
  <gwd_animation_label_element data-label-name="label-1" data-label-time="0" data-label-animation-class-name="label-1"></gwd_animation_label_element>
  <div class="gwd-div-1pkk"></div>
  <header class="gwd-div-1xna gwd-gen-g31vgwdanimation">|
    <br class="">|dainguyen

    <br class="">||</header>
  <header class="gwd-header-7fbe"></header>
  <header class="gwd-header-1i7t"></header>


</body></html>
