<!DOCTYPE html>
<html><head data-gwd-animation-mode="quickMode">
  <meta charset="utf-8">
  <title>HVAuto</title>
  <meta name="generator" content="Google Web Designer 1.4.2.0915">
  <style type="text/css">html,
body {
    width: 100%;
    height: 100%;
    margin: 0px;
}
body {
    -webkit-transform: matrix3d(1, 0, 0, 0, 0, 1, 0, 0, 0, 0, 1, 0, 0, 0, 0, 1);
    -moz-transform: matrix3d(1, 0, 0, 0, 0, 1, 0, 0, 0, 0, 1, 0, 0, 0, 0, 1);
    transform: matrix3d(1, 0, 0, 0, 0, 1, 0, 0, 0, 0, 1, 0, 0, 0, 0, 1);
    -webkit-perspective: 1400px;
    -moz-perspective: 1400px;
    perspective: 1400px;
    -webkit-transform-style: preserve-3d;
    -moz-transform-style: preserve-3d;
    transform-style: preserve-3d;
    background-color: transparent;
}
@-webkit-keyframes gwd-empty-animation {
    0% {
        opacity: 0.001;
    }
    100% {
        opacity: 0;
    }
}
@-moz-keyframes gwd-empty-animation {
    0% {
        opacity: 0.001;
    }
    100% {
        opacity: 0;
    }
}
@keyframes gwd-empty-animation {
    0% {
        opacity: 0.001;
    }
    100% {
        opacity: 0;
    }
}
.gwd-div-8cn8 {
    position: absolute;
    width: 419px;
    height: 184px;
    text-align: left;
    color: rgb(0, 0, 0);
    font-size: 70px;
    left: 329px;
    top: -311.6833556885px;
    -webkit-transform-style: preserve-3d;
    -moz-transform-style: preserve-3d;
    transform-style: preserve-3d;
    -webkit-transform: matrix3d(0.9940529617, -0.0413741172, 0.1007317819, 0, 0.0942994047, 0.7896822025, -0.6062257346, 0, -0.0544640407, 0.612119434, 0.7888874868, 0, -51.7747045082, 390.8297604116, 0, 1);
    -moz-transform: matrix3d(0.9940529617, -0.0413741172, 0.1007317819, 0, 0.0942994047, 0.7896822025, -0.6062257346, 0, -0.0544640407, 0.612119434, 0.7888874868, 0, -51.7747045082, 390.8297604116, 0, 1);
    transform: matrix3d(0.9940529617, -0.0413741172, 0.1007317819, 0, 0.0942994047, 0.7896822025, -0.6062257346, 0, -0.0544640407, 0.612119434, 0.7888874868, 0, -51.7747045082, 390.8297604116, 0, 1);
    -webkit-transform-origin: 209.5px 92px 0px;
    -moz-transform-origin: 209.5px 92px 0px;
    transform-origin: 209.5px 92px 0px;
}
@-webkit-keyframes gwd-gen-1nuogwdanimation_gwd-keyframes {
    0% {
        -webkit-transform: matrix3d(0.9940529617, -0.0413741172, 0.1007317819, 0, 0.0942994047, 0.7896822025, -0.6062257346, 0, -0.0544640407, 0.612119434, 0.7888874868, 0, -51.7747045082, 390.8297604116, 0, 1);
        -webkit-transform-origin: 209.5px 92px 0px;
        -webkit-animation-timing-function: linear;
    }
    6.67% {
        -webkit-transform: matrix3d(0.9990391348, 0.005073406, 0.0435323763, 0, 0.0363359948, 0.4594930632, -0.8874377839, 0, -0.024505157, 0.888166868, 0.4588672051, 0, -51.7747045082, 390.8297604116, 0, 1);
        -webkit-transform-origin: 209.5px 92px 0px;
        -webkit-animation-timing-function: linear;
    }
    13.33% {
        -webkit-transform: matrix3d(0.9996877101, 0.0208434738, -0.0137852058, 0, -0.0157634424, 0.0979348754, -0.9950679746, 0, -0.0193906207, 0.9949745272, 0.0982328563, 0, -51.7747045082, 390.8297604116, 0, 1);
        -webkit-transform-origin: 209.5px 92px 0px;
        -webkit-animation-timing-function: linear;
    }
    20% {
        -webkit-transform: matrix3d(0.9961944771, -0.0062368798, -0.0869348327, 0, -0.0745070212, -0.5784877333, -0.8122811374, 0, -0.0452246344, 0.8156672384, -0.5767509763, 0, -51.7747045082, 390.8297604116, 0, 1);
        -webkit-transform-origin: 209.5px 92px 0px;
        -webkit-animation-timing-function: linear;
    }
    26.67% {
        -webkit-transform: matrix3d(0.9869417059, -0.0513576166, -0.1526710987, 0, -0.1059088437, -0.9210288436, -0.3748188711, 0, -0.1213646815, 0.3860935956, -0.9144410039, 0, -51.7747045082, 390.8297604116, 0, 1);
        -webkit-transform-origin: 209.5px 92px 0px;
        -webkit-animation-timing-function: linear;
    }
    33.33% {
        -webkit-transform: matrix3d(0.9683001822, -0.118934801, -0.2196571655, 0, -0.091790862, -0.987265772, 0.1299258755, 0, -0.2323127091, -0.1056447283, -0.9668867548, 0, -51.7747045082, 390.8297604116, 0, 1);
        -webkit-transform-origin: 209.5px 92px 0px;
        -webkit-animation-timing-function: linear;
    }
    40% {
        -webkit-transform: matrix3d(0.9407497364, -0.2444961079, -0.2349714596, 0, 0.0696907854, -0.5387324427, 0.8395895126, 0, -0.3318631163, -0.8062189581, -0.4897732777, 0, -51.7747045082, 390.8297604116, 0, 1);
        -webkit-transform-origin: 209.5px 92px 0px;
        -webkit-animation-timing-function: linear;
    }
    46.67% {
        -webkit-transform: matrix3d(0.920377245, -0.3208919563, -0.2234593461, 0, 0.1896519243, -0.1334315476, 0.972742602, 0, -0.3419618028, -0.9376696511, -0.0619495832, 0, -51.7747045082, 390.8297604116, 0, 1);
        -webkit-transform-origin: 209.5px 92px 0px;
        -webkit-animation-timing-function: linear;
    }
    53.33% {
        -webkit-transform: matrix3d(0.8922608094, -0.3902590757, -0.2270869922, 0, 0.3837863998, 0.390560635, 0.8367618477, 0, -0.2378626653, -0.8337627026, 0.4982580739, 0, -51.7747045082, 390.8297604116, 0, 1);
        -webkit-transform-origin: 209.5px 92px 0px;
        -webkit-animation-timing-function: linear;
    }
    60% {
        -webkit-transform: matrix3d(0.8831070285, -0.4514590133, -0.1276978293, 0, 0.4529972169, 0.7496222074, 0.4825557664, 0, -0.1221290214, -0.4839951502, 0.8665063166, 0, -51.7747045082, 390.8297604116, 0, 1);
        -webkit-transform-origin: 209.5px 92px 0px;
        -webkit-animation-timing-function: linear;
    }
    66.67% {
        -webkit-transform: matrix3d(0.8748629318, -0.4688238358, 0.1217335683, 0, 0.42314196, 0.8620510177, 0.2789604357, 0, -0.2357238478, -0.1925415639, 0.9525555174, 0, -51.7747045082, 390.8297604116, 0, 1);
        -webkit-transform-origin: 209.5px 92px 0px;
        -webkit-animation-timing-function: linear;
    }
    73.33% {
        -webkit-transform: matrix3d(0.8826683908, -0.4213420851, 0.2082483117, 0, 0.4245014314, 0.9048776152, 0.0315441977, 0, -0.2017301335, 0.0605586402, 0.9775671866, 0, -51.7747045082, 390.8297604116, 0, 1);
        -webkit-transform-origin: 209.5px 92px 0px;
        -webkit-animation-timing-function: linear;
    }
    80% {
        -webkit-transform: matrix3d(0.971961753, -0.2292859041, -0.0521375575, 0, 0.1463996136, 0.7636001705, -0.6288735429, 0, 0.1840040868, 0.6036081128, 0.7757575279, 0, -51.7747045082, 390.8297604116, 0, 1);
        -webkit-transform-origin: 209.5px 92px 0px;
        -webkit-animation-timing-function: linear;
    }
    86.67% {
        -webkit-transform: matrix3d(0.9712028467, -0.232519246, -0.0519598972, 0, 0.1344445211, 0.7148955426, -0.6861844024, 0, 0.1966969789, 0.6594385214, 0.7255695245, 0, -51.7747045082, 390.8297604116, 0, 1);
        -webkit-transform-origin: 209.5px 92px 0px;
        -webkit-animation-timing-function: linear;
    }
    93.33% {
        -webkit-transform: matrix3d(0.9876724911, -0.0248950353, -0.1545421877, 0, 0.0444063539, 0.9912735841, 0.1241159033, 0, 0.1501037186, -0.1294485182, 0.9801591477, 0, -25.6299063533, 356.6404089782, 0, 1);
        -webkit-transform-origin: 209.5px 92px 0px;
        -webkit-animation-timing-function: linear;
    }
    100% {
        -webkit-transform: matrix3d(0.9876724911, -0.0248950353, -0.1545421877, 0, 0.0444063539, 0.9912735841, 0.1241159033, 0, 0.1501037186, -0.1294485182, 0.9801591477, 0, -25.6299063533, 356.6404089782, 0, 1);
        -webkit-transform-origin: 209.5px 92px;
        -webkit-animation-timing-function: linear;
    }
}
@-moz-keyframes gwd-gen-1nuogwdanimation_gwd-keyframes {
    0% {
        -moz-transform: matrix3d(0.9940529617, -0.0413741172, 0.1007317819, 0, 0.0942994047, 0.7896822025, -0.6062257346, 0, -0.0544640407, 0.612119434, 0.7888874868, 0, -51.7747045082, 390.8297604116, 0, 1);
        -moz-transform-origin: 209.5px 92px 0px;
        -moz-animation-timing-function: linear;
    }
    6.67% {
        -moz-transform: matrix3d(0.9990391348, 0.005073406, 0.0435323763, 0, 0.0363359948, 0.4594930632, -0.8874377839, 0, -0.024505157, 0.888166868, 0.4588672051, 0, -51.7747045082, 390.8297604116, 0, 1);
        -moz-transform-origin: 209.5px 92px 0px;
        -moz-animation-timing-function: linear;
    }
    13.33% {
        -moz-transform: matrix3d(0.9996877101, 0.0208434738, -0.0137852058, 0, -0.0157634424, 0.0979348754, -0.9950679746, 0, -0.0193906207, 0.9949745272, 0.0982328563, 0, -51.7747045082, 390.8297604116, 0, 1);
        -moz-transform-origin: 209.5px 92px 0px;
        -moz-animation-timing-function: linear;
    }
    20% {
        -moz-transform: matrix3d(0.9961944771, -0.0062368798, -0.0869348327, 0, -0.0745070212, -0.5784877333, -0.8122811374, 0, -0.0452246344, 0.8156672384, -0.5767509763, 0, -51.7747045082, 390.8297604116, 0, 1);
        -moz-transform-origin: 209.5px 92px 0px;
        -moz-animation-timing-function: linear;
    }
    26.67% {
        -moz-transform: matrix3d(0.9869417059, -0.0513576166, -0.1526710987, 0, -0.1059088437, -0.9210288436, -0.3748188711, 0, -0.1213646815, 0.3860935956, -0.9144410039, 0, -51.7747045082, 390.8297604116, 0, 1);
        -moz-transform-origin: 209.5px 92px 0px;
        -moz-animation-timing-function: linear;
    }
    33.33% {
        -moz-transform: matrix3d(0.9683001822, -0.118934801, -0.2196571655, 0, -0.091790862, -0.987265772, 0.1299258755, 0, -0.2323127091, -0.1056447283, -0.9668867548, 0, -51.7747045082, 390.8297604116, 0, 1);
        -moz-transform-origin: 209.5px 92px 0px;
        -moz-animation-timing-function: linear;
    }
    40% {
        -moz-transform: matrix3d(0.9407497364, -0.2444961079, -0.2349714596, 0, 0.0696907854, -0.5387324427, 0.8395895126, 0, -0.3318631163, -0.8062189581, -0.4897732777, 0, -51.7747045082, 390.8297604116, 0, 1);
        -moz-transform-origin: 209.5px 92px 0px;
        -moz-animation-timing-function: linear;
    }
    46.67% {
        -moz-transform: matrix3d(0.920377245, -0.3208919563, -0.2234593461, 0, 0.1896519243, -0.1334315476, 0.972742602, 0, -0.3419618028, -0.9376696511, -0.0619495832, 0, -51.7747045082, 390.8297604116, 0, 1);
        -moz-transform-origin: 209.5px 92px 0px;
        -moz-animation-timing-function: linear;
    }
    53.33% {
        -moz-transform: matrix3d(0.8922608094, -0.3902590757, -0.2270869922, 0, 0.3837863998, 0.390560635, 0.8367618477, 0, -0.2378626653, -0.8337627026, 0.4982580739, 0, -51.7747045082, 390.8297604116, 0, 1);
        -moz-transform-origin: 209.5px 92px 0px;
        -moz-animation-timing-function: linear;
    }
    60% {
        -moz-transform: matrix3d(0.8831070285, -0.4514590133, -0.1276978293, 0, 0.4529972169, 0.7496222074, 0.4825557664, 0, -0.1221290214, -0.4839951502, 0.8665063166, 0, -51.7747045082, 390.8297604116, 0, 1);
        -moz-transform-origin: 209.5px 92px 0px;
        -moz-animation-timing-function: linear;
    }
    66.67% {
        -moz-transform: matrix3d(0.8748629318, -0.4688238358, 0.1217335683, 0, 0.42314196, 0.8620510177, 0.2789604357, 0, -0.2357238478, -0.1925415639, 0.9525555174, 0, -51.7747045082, 390.8297604116, 0, 1);
        -moz-transform-origin: 209.5px 92px 0px;
        -moz-animation-timing-function: linear;
    }
    73.33% {
        -moz-transform: matrix3d(0.8826683908, -0.4213420851, 0.2082483117, 0, 0.4245014314, 0.9048776152, 0.0315441977, 0, -0.2017301335, 0.0605586402, 0.9775671866, 0, -51.7747045082, 390.8297604116, 0, 1);
        -moz-transform-origin: 209.5px 92px 0px;
        -moz-animation-timing-function: linear;
    }
    80% {
        -moz-transform: matrix3d(0.971961753, -0.2292859041, -0.0521375575, 0, 0.1463996136, 0.7636001705, -0.6288735429, 0, 0.1840040868, 0.6036081128, 0.7757575279, 0, -51.7747045082, 390.8297604116, 0, 1);
        -moz-transform-origin: 209.5px 92px 0px;
        -moz-animation-timing-function: linear;
    }
    86.67% {
        -moz-transform: matrix3d(0.9712028467, -0.232519246, -0.0519598972, 0, 0.1344445211, 0.7148955426, -0.6861844024, 0, 0.1966969789, 0.6594385214, 0.7255695245, 0, -51.7747045082, 390.8297604116, 0, 1);
        -moz-transform-origin: 209.5px 92px 0px;
        -moz-animation-timing-function: linear;
    }
    93.33% {
        -moz-transform: matrix3d(0.9876724911, -0.0248950353, -0.1545421877, 0, 0.0444063539, 0.9912735841, 0.1241159033, 0, 0.1501037186, -0.1294485182, 0.9801591477, 0, -25.6299063533, 356.6404089782, 0, 1);
        -moz-transform-origin: 209.5px 92px 0px;
        -moz-animation-timing-function: linear;
    }
    100% {
        -moz-transform: matrix3d(0.9876724911, -0.0248950353, -0.1545421877, 0, 0.0444063539, 0.9912735841, 0.1241159033, 0, 0.1501037186, -0.1294485182, 0.9801591477, 0, -25.6299063533, 356.6404089782, 0, 1);
        -moz-transform-origin: 209.5px 92px;
        -moz-animation-timing-function: linear;
    }
}
@keyframes gwd-gen-1nuogwdanimation_gwd-keyframes {
    0% {
        transform: matrix3d(0.9940529617, -0.0413741172, 0.1007317819, 0, 0.0942994047, 0.7896822025, -0.6062257346, 0, -0.0544640407, 0.612119434, 0.7888874868, 0, -51.7747045082, 390.8297604116, 0, 1);
        transform-origin: 209.5px 92px 0px;
        animation-timing-function: linear;
    }
    6.67% {
        transform: matrix3d(0.9990391348, 0.005073406, 0.0435323763, 0, 0.0363359948, 0.4594930632, -0.8874377839, 0, -0.024505157, 0.888166868, 0.4588672051, 0, -51.7747045082, 390.8297604116, 0, 1);
        transform-origin: 209.5px 92px 0px;
        animation-timing-function: linear;
    }
    13.33% {
        transform: matrix3d(0.9996877101, 0.0208434738, -0.0137852058, 0, -0.0157634424, 0.0979348754, -0.9950679746, 0, -0.0193906207, 0.9949745272, 0.0982328563, 0, -51.7747045082, 390.8297604116, 0, 1);
        transform-origin: 209.5px 92px 0px;
        animation-timing-function: linear;
    }
    20% {
        transform: matrix3d(0.9961944771, -0.0062368798, -0.0869348327, 0, -0.0745070212, -0.5784877333, -0.8122811374, 0, -0.0452246344, 0.8156672384, -0.5767509763, 0, -51.7747045082, 390.8297604116, 0, 1);
        transform-origin: 209.5px 92px 0px;
        animation-timing-function: linear;
    }
    26.67% {
        transform: matrix3d(0.9869417059, -0.0513576166, -0.1526710987, 0, -0.1059088437, -0.9210288436, -0.3748188711, 0, -0.1213646815, 0.3860935956, -0.9144410039, 0, -51.7747045082, 390.8297604116, 0, 1);
        transform-origin: 209.5px 92px 0px;
        animation-timing-function: linear;
    }
    33.33% {
        transform: matrix3d(0.9683001822, -0.118934801, -0.2196571655, 0, -0.091790862, -0.987265772, 0.1299258755, 0, -0.2323127091, -0.1056447283, -0.9668867548, 0, -51.7747045082, 390.8297604116, 0, 1);
        transform-origin: 209.5px 92px 0px;
        animation-timing-function: linear;
    }
    40% {
        transform: matrix3d(0.9407497364, -0.2444961079, -0.2349714596, 0, 0.0696907854, -0.5387324427, 0.8395895126, 0, -0.3318631163, -0.8062189581, -0.4897732777, 0, -51.7747045082, 390.8297604116, 0, 1);
        transform-origin: 209.5px 92px 0px;
        animation-timing-function: linear;
    }
    46.67% {
        transform: matrix3d(0.920377245, -0.3208919563, -0.2234593461, 0, 0.1896519243, -0.1334315476, 0.972742602, 0, -0.3419618028, -0.9376696511, -0.0619495832, 0, -51.7747045082, 390.8297604116, 0, 1);
        transform-origin: 209.5px 92px 0px;
        animation-timing-function: linear;
    }
    53.33% {
        transform: matrix3d(0.8922608094, -0.3902590757, -0.2270869922, 0, 0.3837863998, 0.390560635, 0.8367618477, 0, -0.2378626653, -0.8337627026, 0.4982580739, 0, -51.7747045082, 390.8297604116, 0, 1);
        transform-origin: 209.5px 92px 0px;
        animation-timing-function: linear;
    }
    60% {
        transform: matrix3d(0.8831070285, -0.4514590133, -0.1276978293, 0, 0.4529972169, 0.7496222074, 0.4825557664, 0, -0.1221290214, -0.4839951502, 0.8665063166, 0, -51.7747045082, 390.8297604116, 0, 1);
        transform-origin: 209.5px 92px 0px;
        animation-timing-function: linear;
    }
    66.67% {
        transform: matrix3d(0.8748629318, -0.4688238358, 0.1217335683, 0, 0.42314196, 0.8620510177, 0.2789604357, 0, -0.2357238478, -0.1925415639, 0.9525555174, 0, -51.7747045082, 390.8297604116, 0, 1);
        transform-origin: 209.5px 92px 0px;
        animation-timing-function: linear;
    }
    73.33% {
        transform: matrix3d(0.8826683908, -0.4213420851, 0.2082483117, 0, 0.4245014314, 0.9048776152, 0.0315441977, 0, -0.2017301335, 0.0605586402, 0.9775671866, 0, -51.7747045082, 390.8297604116, 0, 1);
        transform-origin: 209.5px 92px 0px;
        animation-timing-function: linear;
    }
    80% {
        transform: matrix3d(0.971961753, -0.2292859041, -0.0521375575, 0, 0.1463996136, 0.7636001705, -0.6288735429, 0, 0.1840040868, 0.6036081128, 0.7757575279, 0, -51.7747045082, 390.8297604116, 0, 1);
        transform-origin: 209.5px 92px 0px;
        animation-timing-function: linear;
    }
    86.67% {
        transform: matrix3d(0.9712028467, -0.232519246, -0.0519598972, 0, 0.1344445211, 0.7148955426, -0.6861844024, 0, 0.1966969789, 0.6594385214, 0.7255695245, 0, -51.7747045082, 390.8297604116, 0, 1);
        transform-origin: 209.5px 92px 0px;
        animation-timing-function: linear;
    }
    93.33% {
        transform: matrix3d(0.9876724911, -0.0248950353, -0.1545421877, 0, 0.0444063539, 0.9912735841, 0.1241159033, 0, 0.1501037186, -0.1294485182, 0.9801591477, 0, -25.6299063533, 356.6404089782, 0, 1);
        transform-origin: 209.5px 92px 0px;
        animation-timing-function: linear;
    }
    100% {
        transform: matrix3d(0.9876724911, -0.0248950353, -0.1545421877, 0, 0.0444063539, 0.9912735841, 0.1241159033, 0, 0.1501037186, -0.1294485182, 0.9801591477, 0, -25.6299063533, 356.6404089782, 0, 1);
        transform-origin: 209.5px 92px;
        animation-timing-function: linear;
    }
}
body .gwd-gen-1nuogwdanimation {
    -webkit-animation: gwd-gen-1nuogwdanimation_gwd-keyframes 7.5s linear 0s 1 normal forwards;
    -moz-animation: gwd-gen-1nuogwdanimation_gwd-keyframes 7.5s linear 0s 1 normal forwards;
    animation: gwd-gen-1nuogwdanimation_gwd-keyframes 7.5s linear 0s 1 normal forwards;
}</style>
  <link href="https://fonts.googleapis.com/css?family=Press+Start+2P" rel="stylesheet" type="text/css">
</head>

<body>
  <div class="gwd-div-8cn8 gwd-gen-1nuogwdanimation">HVAuto</div>


</body></html>
