<!DOCTYPE html>
<html><head data-gwd-animation-mode="quickMode">
  <meta charset="utf-8">
  <title>..:: HVAuto Site ::..</title>
  <meta name="generator" content="Google Web Designer 1.4.2.0915">
  <style type="text/css">html,
body {
    width: 100%;
    height: 100%;
    margin: 0px;
}
body {
    -webkit-transform: matrix3d(1, 0, 0, 0, 0, 1, 0, 0, 0, 0, 1, 0, 0, 0, 0, 1);
    -moz-transform: matrix3d(1, 0, 0, 0, 0, 1, 0, 0, 0, 0, 1, 0, 0, 0, 0, 1);
    transform: matrix3d(1, 0, 0, 0, 0, 1, 0, 0, 0, 0, 1, 0, 0, 0, 0, 1);
    -webkit-perspective: 1400px;
    -moz-perspective: 1400px;
    perspective: 1400px;
    -webkit-transform-style: preserve-3d;
    -moz-transform-style: preserve-3d;
    transform-style: preserve-3d;
    background-color: black;
}
.gwd-div-xs37 {
    -webkit-transform: translate3d(0px, -11px, 0px);
    -moz-transform: translate3d(0px, -11px, 0px);
    transform: translate3d(0px, -11px, 0px);
    -webkit-transform-style: preserve-3d;
    -moz-transform-style: preserve-3d;
    transform-style: preserve-3d;
}
body .gwd-gen-muxdgwdanimation {
    -webkit-animation: gwd-gen-muxdgwdanimation_gwd-keyframes 9.5s linear 0s 1 normal forwards;
    -moz-animation: gwd-gen-muxdgwdanimation_gwd-keyframes 9.5s linear 0s 1 normal forwards;
    animation: gwd-gen-muxdgwdanimation_gwd-keyframes 9.5s linear 0s 1 normal forwards;
}
body.label-1 .gwd-gen-muxdgwdanimation {
    -webkit-animation: gwd-gen-muxdgwdanimation_gwd-keyframes_label-1 9.5s linear 0s 1 normal forwards;
    -moz-animation: gwd-gen-muxdgwdanimation_gwd-keyframes_label-1 9.5s linear 0s 1 normal forwards;
    animation: gwd-gen-muxdgwdanimation_gwd-keyframes_label-1 9.5s linear 0s 1 normal forwards;
}
@-webkit-keyframes gwd-gen-muxdgwdanimation_gwd-keyframes {
    0% {
        -webkit-transform: translate3d(0px, -11px, 0px);
        -webkit-animation-timing-function: linear;
    }
    5.26% {
        -webkit-transform: matrix3d(0.9896513868, 0, -0.143492622, 0, -0.0037561989, 0.999657325, -0.0259060532, 0, 0.1434434507, 0.0261769483, 0.989312258, 0, 0, -11, 0, 1);
        -webkit-animation-timing-function: linear;
    }
    10.53% {
        -webkit-transform: matrix3d(0.9153246196, -0.0069954852, -0.4026560616, 0, -0.0019990615, 0.999757873, -0.0219134454, 0, 0.402711863, 0.0208628503, 0.9150890104, 0, 0, -11, 0, 1);
        -webkit-animation-timing-function: linear;
    }
    15.79% {
        -webkit-transform: matrix3d(0.7009343747, -0.0142283578, -0.7130838353, 0, 0.0166716244, 0.9998546711, -0.0035628005, 0, 0.7130308966, -0.0093909765, 0.7010697185, 0, 0, -11, 0, 1);
        -webkit-animation-timing-function: linear;
    }
    21.05% {
        -webkit-transform: matrix3d(0.4734052116, -0.0110320651, -0.8807756803, 0, 0.0358797423, 0.9993331979, 0.006767839, 0, 0.8801137142, -0.0348059346, 0.4734853717, 0, 0, -11, 0, 1);
        -webkit-animation-timing-function: linear;
    }
    26.32% {
        -webkit-transform: matrix3d(0.2464242755, -0.0022840479, -0.9691593571, 0, 0.0189716628, 0.9998169768, 0.0024675491, 0, 0.9689763427, -0.0189946284, 0.2464225064, 0, 0, -11, 0, 1);
        -webkit-animation-timing-function: linear;
    }
    31.58% {
        -webkit-transform: matrix3d(-0.3169390353, 0.0083546357, -0.9484091142, 0, -0.1172924287, 0.9919398855, 0.0479348467, 0, 0.9411653066, 0.1264336327, -0.3134045348, 0, 0, -11, 0, 1);
        -webkit-animation-timing-function: linear;
    }
    36.84% {
        -webkit-transform: matrix3d(-0.5580165231, 0.0576550462, -0.8278245319, 0, 0.1189681631, 0.9928366239, -0.0110460115, 0, 0.8212576553, -0.1046486206, -0.5608783557, 0, 0, -11, 0, 1);
        -webkit-animation-timing-function: linear;
    }
    42.11% {
        -webkit-transform: matrix3d(-0.9890359148, 0.117517777, -0.0894289196, 0, 0.1201031822, 0.9924692999, -0.0240814116, 0, 0.0859254632, -0.0345580786, -0.9957020407, 0, 0, -11, 0, 1);
        -webkit-animation-timing-function: linear;
    }
    47.37% {
        -webkit-transform: matrix3d(-0.989301773, 0.1216727506, 0.080484433, 0, 0.1215300954, 0.9925652218, -0.0066870331, 0, -0.0806996789, 0.0031657873, -0.9967334345, 0, 0, -11, 0, 1);
        -webkit-animation-timing-function: linear;
    }
    52.63% {
        -webkit-transform: matrix3d(-0.7936175134, 0.1012127203, 0.5999393533, 0, 0.1474183743, 0.9886716859, 0.0282156062, 0, -0.5902872739, 0.1108344834, -0.7995477795, 0, 0, -11, 0, 1);
        -webkit-animation-timing-function: linear;
    }
    57.89% {
        -webkit-transform: matrix3d(-0.2619620009, 0.0115201904, 0.9650094274, 0, 0.2299824059, 0.9718665007, 0.0508291033, 0, -0.9372747748, 0.2352504833, -0.2572415344, 0, 0, -11, 0, 1);
        -webkit-animation-timing-function: linear;
    }
    63.16% {
        -webkit-transform: matrix3d(0.2376561131, -0.1067333567, 0.9654675356, 0, 0.3233758048, 0.9459410167, 0.0249736238, 0, -0.9159408612, 0.3062737067, 0.25932365, 0, 0, -11, 0, 1);
        -webkit-animation-timing-function: linear;
    }
    68.42% {
        -webkit-transform: matrix3d(0.5634683968, -0.213693595, 0.798021562, 0, 0.3788251917, 0.9252581963, -0.0197166014, 0, -0.7341626798, 0.3134203527, 0.6023062691, 0, 0, -11, 0, 1);
        -webkit-animation-timing-function: linear;
    }
    73.68% {
        -webkit-transform: matrix3d(0.6339153976, -0.0013635433, 0.7734011958, 0, 0.2432209465, 0.9496135125, -0.197680925, 0, -0.7341626798, 0.3134203527, 0.6023062691, 0, 0, -11, 0, 1);
        -webkit-animation-timing-function: linear;
    }
    78.95% {
        -webkit-transform: matrix3d(0.6482423062, 0.0596976322, 0.7590903144, 0, 0.2019580962, 0.9477361843, -0.247000106, 0, -0.7341626798, 0.3134203527, 0.6023062691, 0, 0, -11, 0, 1);
        -webkit-animation-timing-function: linear;
    }
    84.21% {
        -webkit-transform: matrix3d(0.9548305277, -0.006432973, 0.2970812698, 0, 0.098030801, 0.9506132048, -0.2944902324, 0, -0.2805149301, 0.3103113784, 0.9083051369, 0, 0, -11, 0, 1);
        -webkit-animation-timing-function: linear;
    }
    89.47% {
        -webkit-transform: matrix3d(0.9514107424, -0.0027248739, 0.3079126092, 0, 0.1015851129, 0.9467555629, -0.3055067415, 0, -0.2906855081, 0.3219417325, 0.901030219, 0, 0, -11, 0, 1);
        -webkit-animation-timing-function: linear;
    }
    94.74% {
        -webkit-transform: matrix3d(0.9889336965, -0.0627269248, 0.1344450724, 0, 0.0996826323, 0.9521225499, -0.28900869, 0, -0.1098795585, 0.2992122704, 0.9478388572, 0, 0, -11, 0, 1);
        -webkit-animation-timing-function: linear;
    }
    100% {
        -webkit-transform: matrix3d(0.9939136689, 0.0255158517, 0.1071660427, 0, 0.0078804794, 0.9538453535, -0.3001948362, 0, -0.1098795585, 0.2992122704, 0.9478388572, 0, 0, -11, 0, 1);
        -webkit-animation-timing-function: linear;
    }
}
@-moz-keyframes gwd-gen-muxdgwdanimation_gwd-keyframes {
    0% {
        -moz-transform: translate3d(0px, -11px, 0px);
        -moz-animation-timing-function: linear;
    }
    5.26% {
        -moz-transform: matrix3d(0.9896513868, 0, -0.143492622, 0, -0.0037561989, 0.999657325, -0.0259060532, 0, 0.1434434507, 0.0261769483, 0.989312258, 0, 0, -11, 0, 1);
        -moz-animation-timing-function: linear;
    }
    10.53% {
        -moz-transform: matrix3d(0.9153246196, -0.0069954852, -0.4026560616, 0, -0.0019990615, 0.999757873, -0.0219134454, 0, 0.402711863, 0.0208628503, 0.9150890104, 0, 0, -11, 0, 1);
        -moz-animation-timing-function: linear;
    }
    15.79% {
        -moz-transform: matrix3d(0.7009343747, -0.0142283578, -0.7130838353, 0, 0.0166716244, 0.9998546711, -0.0035628005, 0, 0.7130308966, -0.0093909765, 0.7010697185, 0, 0, -11, 0, 1);
        -moz-animation-timing-function: linear;
    }
    21.05% {
        -moz-transform: matrix3d(0.4734052116, -0.0110320651, -0.8807756803, 0, 0.0358797423, 0.9993331979, 0.006767839, 0, 0.8801137142, -0.0348059346, 0.4734853717, 0, 0, -11, 0, 1);
        -moz-animation-timing-function: linear;
    }
    26.32% {
        -moz-transform: matrix3d(0.2464242755, -0.0022840479, -0.9691593571, 0, 0.0189716628, 0.9998169768, 0.0024675491, 0, 0.9689763427, -0.0189946284, 0.2464225064, 0, 0, -11, 0, 1);
        -moz-animation-timing-function: linear;
    }
    31.58% {
        -moz-transform: matrix3d(-0.3169390353, 0.0083546357, -0.9484091142, 0, -0.1172924287, 0.9919398855, 0.0479348467, 0, 0.9411653066, 0.1264336327, -0.3134045348, 0, 0, -11, 0, 1);
        -moz-animation-timing-function: linear;
    }
    36.84% {
        -moz-transform: matrix3d(-0.5580165231, 0.0576550462, -0.8278245319, 0, 0.1189681631, 0.9928366239, -0.0110460115, 0, 0.8212576553, -0.1046486206, -0.5608783557, 0, 0, -11, 0, 1);
        -moz-animation-timing-function: linear;
    }
    42.11% {
        -moz-transform: matrix3d(-0.9890359148, 0.117517777, -0.0894289196, 0, 0.1201031822, 0.9924692999, -0.0240814116, 0, 0.0859254632, -0.0345580786, -0.9957020407, 0, 0, -11, 0, 1);
        -moz-animation-timing-function: linear;
    }
    47.37% {
        -moz-transform: matrix3d(-0.989301773, 0.1216727506, 0.080484433, 0, 0.1215300954, 0.9925652218, -0.0066870331, 0, -0.0806996789, 0.0031657873, -0.9967334345, 0, 0, -11, 0, 1);
        -moz-animation-timing-function: linear;
    }
    52.63% {
        -moz-transform: matrix3d(-0.7936175134, 0.1012127203, 0.5999393533, 0, 0.1474183743, 0.9886716859, 0.0282156062, 0, -0.5902872739, 0.1108344834, -0.7995477795, 0, 0, -11, 0, 1);
        -moz-animation-timing-function: linear;
    }
    57.89% {
        -moz-transform: matrix3d(-0.2619620009, 0.0115201904, 0.9650094274, 0, 0.2299824059, 0.9718665007, 0.0508291033, 0, -0.9372747748, 0.2352504833, -0.2572415344, 0, 0, -11, 0, 1);
        -moz-animation-timing-function: linear;
    }
    63.16% {
        -moz-transform: matrix3d(0.2376561131, -0.1067333567, 0.9654675356, 0, 0.3233758048, 0.9459410167, 0.0249736238, 0, -0.9159408612, 0.3062737067, 0.25932365, 0, 0, -11, 0, 1);
        -moz-animation-timing-function: linear;
    }
    68.42% {
        -moz-transform: matrix3d(0.5634683968, -0.213693595, 0.798021562, 0, 0.3788251917, 0.9252581963, -0.0197166014, 0, -0.7341626798, 0.3134203527, 0.6023062691, 0, 0, -11, 0, 1);
        -moz-animation-timing-function: linear;
    }
    73.68% {
        -moz-transform: matrix3d(0.6339153976, -0.0013635433, 0.7734011958, 0, 0.2432209465, 0.9496135125, -0.197680925, 0, -0.7341626798, 0.3134203527, 0.6023062691, 0, 0, -11, 0, 1);
        -moz-animation-timing-function: linear;
    }
    78.95% {
        -moz-transform: matrix3d(0.6482423062, 0.0596976322, 0.7590903144, 0, 0.2019580962, 0.9477361843, -0.247000106, 0, -0.7341626798, 0.3134203527, 0.6023062691, 0, 0, -11, 0, 1);
        -moz-animation-timing-function: linear;
    }
    84.21% {
        -moz-transform: matrix3d(0.9548305277, -0.006432973, 0.2970812698, 0, 0.098030801, 0.9506132048, -0.2944902324, 0, -0.2805149301, 0.3103113784, 0.9083051369, 0, 0, -11, 0, 1);
        -moz-animation-timing-function: linear;
    }
    89.47% {
        -moz-transform: matrix3d(0.9514107424, -0.0027248739, 0.3079126092, 0, 0.1015851129, 0.9467555629, -0.3055067415, 0, -0.2906855081, 0.3219417325, 0.901030219, 0, 0, -11, 0, 1);
        -moz-animation-timing-function: linear;
    }
    94.74% {
        -moz-transform: matrix3d(0.9889336965, -0.0627269248, 0.1344450724, 0, 0.0996826323, 0.9521225499, -0.28900869, 0, -0.1098795585, 0.2992122704, 0.9478388572, 0, 0, -11, 0, 1);
        -moz-animation-timing-function: linear;
    }
    100% {
        -moz-transform: matrix3d(0.9939136689, 0.0255158517, 0.1071660427, 0, 0.0078804794, 0.9538453535, -0.3001948362, 0, -0.1098795585, 0.2992122704, 0.9478388572, 0, 0, -11, 0, 1);
        -moz-animation-timing-function: linear;
    }
}
@keyframes gwd-gen-muxdgwdanimation_gwd-keyframes {
    0% {
        transform: translate3d(0px, -11px, 0px);
        animation-timing-function: linear;
    }
    5.26% {
        transform: matrix3d(0.9896513868, 0, -0.143492622, 0, -0.0037561989, 0.999657325, -0.0259060532, 0, 0.1434434507, 0.0261769483, 0.989312258, 0, 0, -11, 0, 1);
        animation-timing-function: linear;
    }
    10.53% {
        transform: matrix3d(0.9153246196, -0.0069954852, -0.4026560616, 0, -0.0019990615, 0.999757873, -0.0219134454, 0, 0.402711863, 0.0208628503, 0.9150890104, 0, 0, -11, 0, 1);
        animation-timing-function: linear;
    }
    15.79% {
        transform: matrix3d(0.7009343747, -0.0142283578, -0.7130838353, 0, 0.0166716244, 0.9998546711, -0.0035628005, 0, 0.7130308966, -0.0093909765, 0.7010697185, 0, 0, -11, 0, 1);
        animation-timing-function: linear;
    }
    21.05% {
        transform: matrix3d(0.4734052116, -0.0110320651, -0.8807756803, 0, 0.0358797423, 0.9993331979, 0.006767839, 0, 0.8801137142, -0.0348059346, 0.4734853717, 0, 0, -11, 0, 1);
        animation-timing-function: linear;
    }
    26.32% {
        transform: matrix3d(0.2464242755, -0.0022840479, -0.9691593571, 0, 0.0189716628, 0.9998169768, 0.0024675491, 0, 0.9689763427, -0.0189946284, 0.2464225064, 0, 0, -11, 0, 1);
        animation-timing-function: linear;
    }
    31.58% {
        transform: matrix3d(-0.3169390353, 0.0083546357, -0.9484091142, 0, -0.1172924287, 0.9919398855, 0.0479348467, 0, 0.9411653066, 0.1264336327, -0.3134045348, 0, 0, -11, 0, 1);
        animation-timing-function: linear;
    }
    36.84% {
        transform: matrix3d(-0.5580165231, 0.0576550462, -0.8278245319, 0, 0.1189681631, 0.9928366239, -0.0110460115, 0, 0.8212576553, -0.1046486206, -0.5608783557, 0, 0, -11, 0, 1);
        animation-timing-function: linear;
    }
    42.11% {
        transform: matrix3d(-0.9890359148, 0.117517777, -0.0894289196, 0, 0.1201031822, 0.9924692999, -0.0240814116, 0, 0.0859254632, -0.0345580786, -0.9957020407, 0, 0, -11, 0, 1);
        animation-timing-function: linear;
    }
    47.37% {
        transform: matrix3d(-0.989301773, 0.1216727506, 0.080484433, 0, 0.1215300954, 0.9925652218, -0.0066870331, 0, -0.0806996789, 0.0031657873, -0.9967334345, 0, 0, -11, 0, 1);
        animation-timing-function: linear;
    }
    52.63% {
        transform: matrix3d(-0.7936175134, 0.1012127203, 0.5999393533, 0, 0.1474183743, 0.9886716859, 0.0282156062, 0, -0.5902872739, 0.1108344834, -0.7995477795, 0, 0, -11, 0, 1);
        animation-timing-function: linear;
    }
    57.89% {
        transform: matrix3d(-0.2619620009, 0.0115201904, 0.9650094274, 0, 0.2299824059, 0.9718665007, 0.0508291033, 0, -0.9372747748, 0.2352504833, -0.2572415344, 0, 0, -11, 0, 1);
        animation-timing-function: linear;
    }
    63.16% {
        transform: matrix3d(0.2376561131, -0.1067333567, 0.9654675356, 0, 0.3233758048, 0.9459410167, 0.0249736238, 0, -0.9159408612, 0.3062737067, 0.25932365, 0, 0, -11, 0, 1);
        animation-timing-function: linear;
    }
    68.42% {
        transform: matrix3d(0.5634683968, -0.213693595, 0.798021562, 0, 0.3788251917, 0.9252581963, -0.0197166014, 0, -0.7341626798, 0.3134203527, 0.6023062691, 0, 0, -11, 0, 1);
        animation-timing-function: linear;
    }
    73.68% {
        transform: matrix3d(0.6339153976, -0.0013635433, 0.7734011958, 0, 0.2432209465, 0.9496135125, -0.197680925, 0, -0.7341626798, 0.3134203527, 0.6023062691, 0, 0, -11, 0, 1);
        animation-timing-function: linear;
    }
    78.95% {
        transform: matrix3d(0.6482423062, 0.0596976322, 0.7590903144, 0, 0.2019580962, 0.9477361843, -0.247000106, 0, -0.7341626798, 0.3134203527, 0.6023062691, 0, 0, -11, 0, 1);
        animation-timing-function: linear;
    }
    84.21% {
        transform: matrix3d(0.9548305277, -0.006432973, 0.2970812698, 0, 0.098030801, 0.9506132048, -0.2944902324, 0, -0.2805149301, 0.3103113784, 0.9083051369, 0, 0, -11, 0, 1);
        animation-timing-function: linear;
    }
    89.47% {
        transform: matrix3d(0.9514107424, -0.0027248739, 0.3079126092, 0, 0.1015851129, 0.9467555629, -0.3055067415, 0, -0.2906855081, 0.3219417325, 0.901030219, 0, 0, -11, 0, 1);
        animation-timing-function: linear;
    }
    94.74% {
        transform: matrix3d(0.9889336965, -0.0627269248, 0.1344450724, 0, 0.0996826323, 0.9521225499, -0.28900869, 0, -0.1098795585, 0.2992122704, 0.9478388572, 0, 0, -11, 0, 1);
        animation-timing-function: linear;
    }
    100% {
        transform: matrix3d(0.9939136689, 0.0255158517, 0.1071660427, 0, 0.0078804794, 0.9538453535, -0.3001948362, 0, -0.1098795585, 0.2992122704, 0.9478388572, 0, 0, -11, 0, 1);
        animation-timing-function: linear;
    }
}
@-webkit-keyframes gwd-gen-muxdgwdanimation_gwd-keyframes_label-1 {
    0% {
        -webkit-transform: translate3d(0px, -11px, 0px);
        -webkit-animation-timing-function: linear;
    }
    5.26% {
        -webkit-transform: matrix3d(0.9896513868, 0, -0.143492622, 0, -0.0037561989, 0.999657325, -0.0259060532, 0, 0.1434434507, 0.0261769483, 0.989312258, 0, 0, -11, 0, 1);
        -webkit-animation-timing-function: linear;
    }
    10.53% {
        -webkit-transform: matrix3d(0.9153246196, -0.0069954852, -0.4026560616, 0, -0.0019990615, 0.999757873, -0.0219134454, 0, 0.402711863, 0.0208628503, 0.9150890104, 0, 0, -11, 0, 1);
        -webkit-animation-timing-function: linear;
    }
    15.79% {
        -webkit-transform: matrix3d(0.7009343747, -0.0142283578, -0.7130838353, 0, 0.0166716244, 0.9998546711, -0.0035628005, 0, 0.7130308966, -0.0093909765, 0.7010697185, 0, 0, -11, 0, 1);
        -webkit-animation-timing-function: linear;
    }
    21.05% {
        -webkit-transform: matrix3d(0.4734052116, -0.0110320651, -0.8807756803, 0, 0.0358797423, 0.9993331979, 0.006767839, 0, 0.8801137142, -0.0348059346, 0.4734853717, 0, 0, -11, 0, 1);
        -webkit-animation-timing-function: linear;
    }
    26.32% {
        -webkit-transform: matrix3d(0.2464242755, -0.0022840479, -0.9691593571, 0, 0.0189716628, 0.9998169768, 0.0024675491, 0, 0.9689763427, -0.0189946284, 0.2464225064, 0, 0, -11, 0, 1);
        -webkit-animation-timing-function: linear;
    }
    31.58% {
        -webkit-transform: matrix3d(-0.3169390353, 0.0083546357, -0.9484091142, 0, -0.1172924287, 0.9919398855, 0.0479348467, 0, 0.9411653066, 0.1264336327, -0.3134045348, 0, 0, -11, 0, 1);
        -webkit-animation-timing-function: linear;
    }
    36.84% {
        -webkit-transform: matrix3d(-0.5580165231, 0.0576550462, -0.8278245319, 0, 0.1189681631, 0.9928366239, -0.0110460115, 0, 0.8212576553, -0.1046486206, -0.5608783557, 0, 0, -11, 0, 1);
        -webkit-animation-timing-function: linear;
    }
    42.11% {
        -webkit-transform: matrix3d(-0.9890359148, 0.117517777, -0.0894289196, 0, 0.1201031822, 0.9924692999, -0.0240814116, 0, 0.0859254632, -0.0345580786, -0.9957020407, 0, 0, -11, 0, 1);
        -webkit-animation-timing-function: linear;
    }
    47.37% {
        -webkit-transform: matrix3d(-0.989301773, 0.1216727506, 0.080484433, 0, 0.1215300954, 0.9925652218, -0.0066870331, 0, -0.0806996789, 0.0031657873, -0.9967334345, 0, 0, -11, 0, 1);
        -webkit-animation-timing-function: linear;
    }
    52.63% {
        -webkit-transform: matrix3d(-0.7936175134, 0.1012127203, 0.5999393533, 0, 0.1474183743, 0.9886716859, 0.0282156062, 0, -0.5902872739, 0.1108344834, -0.7995477795, 0, 0, -11, 0, 1);
        -webkit-animation-timing-function: linear;
    }
    57.89% {
        -webkit-transform: matrix3d(-0.2619620009, 0.0115201904, 0.9650094274, 0, 0.2299824059, 0.9718665007, 0.0508291033, 0, -0.9372747748, 0.2352504833, -0.2572415344, 0, 0, -11, 0, 1);
        -webkit-animation-timing-function: linear;
    }
    63.16% {
        -webkit-transform: matrix3d(0.2376561131, -0.1067333567, 0.9654675356, 0, 0.3233758048, 0.9459410167, 0.0249736238, 0, -0.9159408612, 0.3062737067, 0.25932365, 0, 0, -11, 0, 1);
        -webkit-animation-timing-function: linear;
    }
    68.42% {
        -webkit-transform: matrix3d(0.5634683968, -0.213693595, 0.798021562, 0, 0.3788251917, 0.9252581963, -0.0197166014, 0, -0.7341626798, 0.3134203527, 0.6023062691, 0, 0, -11, 0, 1);
        -webkit-animation-timing-function: linear;
    }
    73.68% {
        -webkit-transform: matrix3d(0.6339153976, -0.0013635433, 0.7734011958, 0, 0.2432209465, 0.9496135125, -0.197680925, 0, -0.7341626798, 0.3134203527, 0.6023062691, 0, 0, -11, 0, 1);
        -webkit-animation-timing-function: linear;
    }
    78.95% {
        -webkit-transform: matrix3d(0.6482423062, 0.0596976322, 0.7590903144, 0, 0.2019580962, 0.9477361843, -0.247000106, 0, -0.7341626798, 0.3134203527, 0.6023062691, 0, 0, -11, 0, 1);
        -webkit-animation-timing-function: linear;
    }
    84.21% {
        -webkit-transform: matrix3d(0.9548305277, -0.006432973, 0.2970812698, 0, 0.098030801, 0.9506132048, -0.2944902324, 0, -0.2805149301, 0.3103113784, 0.9083051369, 0, 0, -11, 0, 1);
        -webkit-animation-timing-function: linear;
    }
    89.47% {
        -webkit-transform: matrix3d(0.9514107424, -0.0027248739, 0.3079126092, 0, 0.1015851129, 0.9467555629, -0.3055067415, 0, -0.2906855081, 0.3219417325, 0.901030219, 0, 0, -11, 0, 1);
        -webkit-animation-timing-function: linear;
    }
    94.74% {
        -webkit-transform: matrix3d(0.9889336965, -0.0627269248, 0.1344450724, 0, 0.0996826323, 0.9521225499, -0.28900869, 0, -0.1098795585, 0.2992122704, 0.9478388572, 0, 0, -11, 0, 1);
        -webkit-animation-timing-function: linear;
    }
    100% {
        -webkit-transform: matrix3d(0.9939136689, 0.0255158517, 0.1071660427, 0, 0.0078804794, 0.9538453535, -0.3001948362, 0, -0.1098795585, 0.2992122704, 0.9478388572, 0, 0, -11, 0, 1);
        -webkit-animation-timing-function: linear;
    }
}
@-moz-keyframes gwd-gen-muxdgwdanimation_gwd-keyframes_label-1 {
    0% {
        -moz-transform: translate3d(0px, -11px, 0px);
        -moz-animation-timing-function: linear;
    }
    5.26% {
        -moz-transform: matrix3d(0.9896513868, 0, -0.143492622, 0, -0.0037561989, 0.999657325, -0.0259060532, 0, 0.1434434507, 0.0261769483, 0.989312258, 0, 0, -11, 0, 1);
        -moz-animation-timing-function: linear;
    }
    10.53% {
        -moz-transform: matrix3d(0.9153246196, -0.0069954852, -0.4026560616, 0, -0.0019990615, 0.999757873, -0.0219134454, 0, 0.402711863, 0.0208628503, 0.9150890104, 0, 0, -11, 0, 1);
        -moz-animation-timing-function: linear;
    }
    15.79% {
        -moz-transform: matrix3d(0.7009343747, -0.0142283578, -0.7130838353, 0, 0.0166716244, 0.9998546711, -0.0035628005, 0, 0.7130308966, -0.0093909765, 0.7010697185, 0, 0, -11, 0, 1);
        -moz-animation-timing-function: linear;
    }
    21.05% {
        -moz-transform: matrix3d(0.4734052116, -0.0110320651, -0.8807756803, 0, 0.0358797423, 0.9993331979, 0.006767839, 0, 0.8801137142, -0.0348059346, 0.4734853717, 0, 0, -11, 0, 1);
        -moz-animation-timing-function: linear;
    }
    26.32% {
        -moz-transform: matrix3d(0.2464242755, -0.0022840479, -0.9691593571, 0, 0.0189716628, 0.9998169768, 0.0024675491, 0, 0.9689763427, -0.0189946284, 0.2464225064, 0, 0, -11, 0, 1);
        -moz-animation-timing-function: linear;
    }
    31.58% {
        -moz-transform: matrix3d(-0.3169390353, 0.0083546357, -0.9484091142, 0, -0.1172924287, 0.9919398855, 0.0479348467, 0, 0.9411653066, 0.1264336327, -0.3134045348, 0, 0, -11, 0, 1);
        -moz-animation-timing-function: linear;
    }
    36.84% {
        -moz-transform: matrix3d(-0.5580165231, 0.0576550462, -0.8278245319, 0, 0.1189681631, 0.9928366239, -0.0110460115, 0, 0.8212576553, -0.1046486206, -0.5608783557, 0, 0, -11, 0, 1);
        -moz-animation-timing-function: linear;
    }
    42.11% {
        -moz-transform: matrix3d(-0.9890359148, 0.117517777, -0.0894289196, 0, 0.1201031822, 0.9924692999, -0.0240814116, 0, 0.0859254632, -0.0345580786, -0.9957020407, 0, 0, -11, 0, 1);
        -moz-animation-timing-function: linear;
    }
    47.37% {
        -moz-transform: matrix3d(-0.989301773, 0.1216727506, 0.080484433, 0, 0.1215300954, 0.9925652218, -0.0066870331, 0, -0.0806996789, 0.0031657873, -0.9967334345, 0, 0, -11, 0, 1);
        -moz-animation-timing-function: linear;
    }
    52.63% {
        -moz-transform: matrix3d(-0.7936175134, 0.1012127203, 0.5999393533, 0, 0.1474183743, 0.9886716859, 0.0282156062, 0, -0.5902872739, 0.1108344834, -0.7995477795, 0, 0, -11, 0, 1);
        -moz-animation-timing-function: linear;
    }
    57.89% {
        -moz-transform: matrix3d(-0.2619620009, 0.0115201904, 0.9650094274, 0, 0.2299824059, 0.9718665007, 0.0508291033, 0, -0.9372747748, 0.2352504833, -0.2572415344, 0, 0, -11, 0, 1);
        -moz-animation-timing-function: linear;
    }
    63.16% {
        -moz-transform: matrix3d(0.2376561131, -0.1067333567, 0.9654675356, 0, 0.3233758048, 0.9459410167, 0.0249736238, 0, -0.9159408612, 0.3062737067, 0.25932365, 0, 0, -11, 0, 1);
        -moz-animation-timing-function: linear;
    }
    68.42% {
        -moz-transform: matrix3d(0.5634683968, -0.213693595, 0.798021562, 0, 0.3788251917, 0.9252581963, -0.0197166014, 0, -0.7341626798, 0.3134203527, 0.6023062691, 0, 0, -11, 0, 1);
        -moz-animation-timing-function: linear;
    }
    73.68% {
        -moz-transform: matrix3d(0.6339153976, -0.0013635433, 0.7734011958, 0, 0.2432209465, 0.9496135125, -0.197680925, 0, -0.7341626798, 0.3134203527, 0.6023062691, 0, 0, -11, 0, 1);
        -moz-animation-timing-function: linear;
    }
    78.95% {
        -moz-transform: matrix3d(0.6482423062, 0.0596976322, 0.7590903144, 0, 0.2019580962, 0.9477361843, -0.247000106, 0, -0.7341626798, 0.3134203527, 0.6023062691, 0, 0, -11, 0, 1);
        -moz-animation-timing-function: linear;
    }
    84.21% {
        -moz-transform: matrix3d(0.9548305277, -0.006432973, 0.2970812698, 0, 0.098030801, 0.9506132048, -0.2944902324, 0, -0.2805149301, 0.3103113784, 0.9083051369, 0, 0, -11, 0, 1);
        -moz-animation-timing-function: linear;
    }
    89.47% {
        -moz-transform: matrix3d(0.9514107424, -0.0027248739, 0.3079126092, 0, 0.1015851129, 0.9467555629, -0.3055067415, 0, -0.2906855081, 0.3219417325, 0.901030219, 0, 0, -11, 0, 1);
        -moz-animation-timing-function: linear;
    }
    94.74% {
        -moz-transform: matrix3d(0.9889336965, -0.0627269248, 0.1344450724, 0, 0.0996826323, 0.9521225499, -0.28900869, 0, -0.1098795585, 0.2992122704, 0.9478388572, 0, 0, -11, 0, 1);
        -moz-animation-timing-function: linear;
    }
    100% {
        -moz-transform: matrix3d(0.9939136689, 0.0255158517, 0.1071660427, 0, 0.0078804794, 0.9538453535, -0.3001948362, 0, -0.1098795585, 0.2992122704, 0.9478388572, 0, 0, -11, 0, 1);
        -moz-animation-timing-function: linear;
    }
}
@keyframes gwd-gen-muxdgwdanimation_gwd-keyframes_label-1 {
    0% {
        transform: translate3d(0px, -11px, 0px);
        animation-timing-function: linear;
    }
    5.26% {
        transform: matrix3d(0.9896513868, 0, -0.143492622, 0, -0.0037561989, 0.999657325, -0.0259060532, 0, 0.1434434507, 0.0261769483, 0.989312258, 0, 0, -11, 0, 1);
        animation-timing-function: linear;
    }
    10.53% {
        transform: matrix3d(0.9153246196, -0.0069954852, -0.4026560616, 0, -0.0019990615, 0.999757873, -0.0219134454, 0, 0.402711863, 0.0208628503, 0.9150890104, 0, 0, -11, 0, 1);
        animation-timing-function: linear;
    }
    15.79% {
        transform: matrix3d(0.7009343747, -0.0142283578, -0.7130838353, 0, 0.0166716244, 0.9998546711, -0.0035628005, 0, 0.7130308966, -0.0093909765, 0.7010697185, 0, 0, -11, 0, 1);
        animation-timing-function: linear;
    }
    21.05% {
        transform: matrix3d(0.4734052116, -0.0110320651, -0.8807756803, 0, 0.0358797423, 0.9993331979, 0.006767839, 0, 0.8801137142, -0.0348059346, 0.4734853717, 0, 0, -11, 0, 1);
        animation-timing-function: linear;
    }
    26.32% {
        transform: matrix3d(0.2464242755, -0.0022840479, -0.9691593571, 0, 0.0189716628, 0.9998169768, 0.0024675491, 0, 0.9689763427, -0.0189946284, 0.2464225064, 0, 0, -11, 0, 1);
        animation-timing-function: linear;
    }
    31.58% {
        transform: matrix3d(-0.3169390353, 0.0083546357, -0.9484091142, 0, -0.1172924287, 0.9919398855, 0.0479348467, 0, 0.9411653066, 0.1264336327, -0.3134045348, 0, 0, -11, 0, 1);
        animation-timing-function: linear;
    }
    36.84% {
        transform: matrix3d(-0.5580165231, 0.0576550462, -0.8278245319, 0, 0.1189681631, 0.9928366239, -0.0110460115, 0, 0.8212576553, -0.1046486206, -0.5608783557, 0, 0, -11, 0, 1);
        animation-timing-function: linear;
    }
    42.11% {
        transform: matrix3d(-0.9890359148, 0.117517777, -0.0894289196, 0, 0.1201031822, 0.9924692999, -0.0240814116, 0, 0.0859254632, -0.0345580786, -0.9957020407, 0, 0, -11, 0, 1);
        animation-timing-function: linear;
    }
    47.37% {
        transform: matrix3d(-0.989301773, 0.1216727506, 0.080484433, 0, 0.1215300954, 0.9925652218, -0.0066870331, 0, -0.0806996789, 0.0031657873, -0.9967334345, 0, 0, -11, 0, 1);
        animation-timing-function: linear;
    }
    52.63% {
        transform: matrix3d(-0.7936175134, 0.1012127203, 0.5999393533, 0, 0.1474183743, 0.9886716859, 0.0282156062, 0, -0.5902872739, 0.1108344834, -0.7995477795, 0, 0, -11, 0, 1);
        animation-timing-function: linear;
    }
    57.89% {
        transform: matrix3d(-0.2619620009, 0.0115201904, 0.9650094274, 0, 0.2299824059, 0.9718665007, 0.0508291033, 0, -0.9372747748, 0.2352504833, -0.2572415344, 0, 0, -11, 0, 1);
        animation-timing-function: linear;
    }
    63.16% {
        transform: matrix3d(0.2376561131, -0.1067333567, 0.9654675356, 0, 0.3233758048, 0.9459410167, 0.0249736238, 0, -0.9159408612, 0.3062737067, 0.25932365, 0, 0, -11, 0, 1);
        animation-timing-function: linear;
    }
    68.42% {
        transform: matrix3d(0.5634683968, -0.213693595, 0.798021562, 0, 0.3788251917, 0.9252581963, -0.0197166014, 0, -0.7341626798, 0.3134203527, 0.6023062691, 0, 0, -11, 0, 1);
        animation-timing-function: linear;
    }
    73.68% {
        transform: matrix3d(0.6339153976, -0.0013635433, 0.7734011958, 0, 0.2432209465, 0.9496135125, -0.197680925, 0, -0.7341626798, 0.3134203527, 0.6023062691, 0, 0, -11, 0, 1);
        animation-timing-function: linear;
    }
    78.95% {
        transform: matrix3d(0.6482423062, 0.0596976322, 0.7590903144, 0, 0.2019580962, 0.9477361843, -0.247000106, 0, -0.7341626798, 0.3134203527, 0.6023062691, 0, 0, -11, 0, 1);
        animation-timing-function: linear;
    }
    84.21% {
        transform: matrix3d(0.9548305277, -0.006432973, 0.2970812698, 0, 0.098030801, 0.9506132048, -0.2944902324, 0, -0.2805149301, 0.3103113784, 0.9083051369, 0, 0, -11, 0, 1);
        animation-timing-function: linear;
    }
    89.47% {
        transform: matrix3d(0.9514107424, -0.0027248739, 0.3079126092, 0, 0.1015851129, 0.9467555629, -0.3055067415, 0, -0.2906855081, 0.3219417325, 0.901030219, 0, 0, -11, 0, 1);
        animation-timing-function: linear;
    }
    94.74% {
        transform: matrix3d(0.9889336965, -0.0627269248, 0.1344450724, 0, 0.0996826323, 0.9521225499, -0.28900869, 0, -0.1098795585, 0.2992122704, 0.9478388572, 0, 0, -11, 0, 1);
        animation-timing-function: linear;
    }
    100% {
        transform: matrix3d(0.9939136689, 0.0255158517, 0.1071660427, 0, 0.0078804794, 0.9538453535, -0.3001948362, 0, -0.1098795585, 0.2992122704, 0.9478388572, 0, 0, -11, 0, 1);
        animation-timing-function: linear;
    }
}</style>
</head>

<body>
  <div id="header" class="gwd-div-xs37 gwd-gen-muxdgwdanimation"><pre> <span style="color:#FFFFFF;">
	<!---------------------------------------------------------------------------------------------------------------------------------------------------------------------------------------------------------------------------------------------------------------------------------------------------------------->
	   )                                          )   
 	( /(              (                *   )   ( /(   
	 )\())  (   (      )\         (   ` )  /(   )\())  
	((_)\   )\  )\  ((((_)(       )\   ( )(_)) ((_)\   
	 _((_) ((_)((_)  )\ _ )\   _ ((_) (_(_())    ((_)  
	| || | \ \ / /   (_)_\(_) | | | | |_   _|   / _ \  
	| __ |  \ V /     / _ \   | |_| |   | |    | (_) | 
	|_||_|   \_/     /_/ \_\   \___/    |_|     \___/  
	
	------------------------------------------------------------------------------------------------------------------------------------------------------------------------------------------------------------------------------------------------------------------------------------------------------------</span></pre>
  </div>
  <gwd_animation_label_element data-label-name="label-1" data-label-time="0" data-label-animation-class-name="label-1"></gwd_animation_label_element>


</body></html>
